SomeParams=121.000000
testParams=0.000001
